1.5 0.9974949866
1.55 0.9997837642
1.6 0.9995736030
1.65 0.9968650285
1.7 0.9916648105
1.75 0.9839859469
1.8 0.9738476309
1.85 0.9612752029
1.9 0.9463000877
1.95 0.9289597150
2.0 0.9092974268
2.05 0.8873623686
2.1 0.8632093666
2.15 0.8368987908
2.2 0.8084964038
2.25 0.7780731969
2.3 0.7457052122
2.35 0.7114733528
2.4 0.6754631806
2.45 0.6377647021
2.5 0.5984721441
2.55 0.5576837174
2.6 0.5155013718
2.65 0.4720305413
2.7 0.4273798802
2.75 0.3816609921
2.8 0.3349881502
2.85 0.2874780123
2.9 0.2392493292
2.95 0.1904226474
3.0 0.1411200081
3.05 0.0914646422
3.1 0.0415806624
3.15 -0.0084072474
3.2 -0.0583741434
3.25 -0.1081951345
3.3 -0.1577456941
3.35 -0.2069019717
3.4 -0.2555411020
3.45 -0.3035415127
3.5 -0.3507832277
3.55 -0.3971481673
3.6 -0.4425204433
3.65 -0.4867866487
3.7 -0.5298361409
3.75 -0.5715613187
3.8 -0.6118578909
3.85 -0.6506251371
3.9 -0.6877661592
3.95 -0.7231881241
4.0 -0.7568024953
4.05 -0.7885252544
4.1 -0.8182771111
4.15 -0.8459837011
4.2 -0.8715757724
4.25 -0.8949893582
4.3 -0.9161659367
4.35 -0.9350525776
4.4 -0.9516020739
4.45 -0.9657730606
4.5 -0.9775301177
4.55 -0.9868438585
4.6 -0.9936910036
4.65 -0.9980544388
4.7 -0.9999232576
4.75 -0.9992927890
4.8 -0.9961646088
4.85 -0.9905465350
4.9 -0.9824526126
4.95 -0.9719030694
5.0 -0.9589242747
5.05 -0.9435486686
5.1 -0.9258146823
5.15 -0.9057666415
5.2 -0.8834546557
5.25 -0.8589344934
5.3 -0.8322674422
5.35 -0.8035201559
5.4 -0.7727644876
5.45 -0.7400773105
5.5 -0.7055403256
5.55 -0.6692398573
5.6 -0.6312666379
5.65 -0.5917155806
5.7 -0.5506855426
5.75 -0.5082790775
5.8 -0.4646021794
5.85 -0.4197640178
5.9 -0.3738766648
5.95 -0.3270548149
6.0 -0.2794154982
6.05 -0.2310777883
6.1 -0.1821625043
6.15 -0.1327919089
6.2 -0.0830894028
6.25 -0.0331792165
6.3 0.0168139005
6.35 0.0667649915
6.4 0.1165492049
6.45 0.1660413090
6.5 0.2151199881