1.5 0.10513519809241459 -0.3079499480737602
1.55 0.09047187417345148 -0.2785810559936819
1.6 0.07727177793709746 -0.24952695089966445
1.6500000000000001 0.06550427339064939 -0.2213631574203567
1.7000000000000002 0.05511297434503242 -0.19454480179523223
1.7500000000000002 0.04602163515236318 -0.1694124020071991
1.8000000000000003 0.03813966645811068 -0.1462009182672669
1.8500000000000003 0.03136713659030858 -0.1250511234975743
1.9000000000000004 0.025599165061733868 -0.10602240710557569
1.9500000000000004 0.02072965687154631 -0.0891062155169292
2.0000000000000004 0.016654363312194345 -0.07423944844500707
2.0500000000000003 0.013273285838241505 -0.06131725937318435
2.1 0.010492463787669985 -0.05020484234990324
2.15 0.008225204373461302 -0.040747916597340395
2.1999999999999997 0.006392824765520424 -0.032781739120989195
2.2499999999999996 0.004924981918054641 -0.026138578910128368
2.2999999999999994 0.003759666904197029 -0.0206536717321619
2.349999999999999 0.0028429378299656407 -0.016169740924237667
2.399999999999999 0.0021284598625569153 -0.012540217234850019
2.449999999999999 0.0015769134280831008 -0.009631321129456756
2.4999999999999987 0.0011553230260025577 -0.007323186139690084
2.5499999999999985 8.363500670706994E-4 -0.005510204420901883
2.5999999999999983 5.975842294032867E-4 -0.0041007684367948185
2.649999999999998 4.208594662600091E-4 -0.0030165683224286136
2.699999999999998 2.91613281467207E-4 -0.002191585505496754
2.749999999999998 1.983013886364941E-4 -0.0015709017531649234
2.7999999999999976 1.3187446370269704E-4 -0.0011094207624960857
2.8499999999999974 8.531938261675025E-5 -7.705781022223234E-4
2.8999999999999972 5.32640439308505E-5 -5.250957326524903E-4
2.949999999999997 3.164250591098755E-5 -3.4982010934232706E-4
2.999999999999997 1.741559254737954E-5 -2.2666833559142622E-4
3.0499999999999967 8.341205521720063E-6 -1.416950463756861E-4
3.0999999999999965 2.7881840138590902E-6 -8.428357297230265E-5
3.1499999999999964 -4.124457465601734E-7 -4.645821554616117E-5
3.199999999999996 -2.0847070071883253E-6 -2.2309826441949227E-5
3.249999999999996 -2.798802583628361E-6 -7.52402934293416E-6
3.299999999999996 -2.940970075512992E-6 1.0000840838447832E-6
3.3499999999999956 -2.766271524001273E-6 5.4533606109602035E-6
3.3999999999999955 -2.4379037341021642E-6 7.3543331593984356E-6
3.4499999999999953 -2.0560232585579374E-6 7.732693945199677E-6
3.499999999999995 -1.678538923684785E-6 7.268717281815315E-6
3.549999999999995 -1.3358458776054251E-6 6.3975505974265884E-6
3.5999999999999948 -1.0410626203928295E-6 5.385959256320616E-6
3.6499999999999946 -7.969855052174657E-7 4.38783274970084E-6
3.6999999999999944 -6.006896120374695E-7 3.4835891076063485E-6
3.7499999999999942 -4.464745187552519E-7 2.7075798186845093E-6
3.799999999999994 -3.276711811881837E-7 2.066710258067323E-6
3.849999999999994 -2.3768451045957715E-7 1.5527492433452898E-6
3.8999999999999937 -1.7053822296587776E-7 1.1501962546724762E-6
3.9499999999999935 -1.2110766526803516E-7 8.410916576550016E-7
3.9999999999999933 -8.516690103745303E-8 6.077773096157543E-7
4.049999999999994 -5.9333554686959414E-8 4.3432518140192935E-7
4.099999999999993 -4.096473619392051E-8 3.071338970137642E-7
4.149999999999993 -2.803659585203663E-8 2.1503276888557755E-7
4.199999999999993 -1.902613126432859E-8 1.4911731592767657E-7
4.249999999999993 -1.2804829262720712E-8 1.0245876718671176E-7
4.299999999999993 -8.548091655838668E-9 6.977401676952261E-8
4.3499999999999925 -5.661072253504294E-9 4.7105030699321896E-8
4.399999999999992 -3.7197539207531237E-9 3.153248926656782E-8
4.449999999999992 -2.4252617038584035E-9 2.093344944946013E-8
4.499999999999992 -1.5691587696650145E-9 1.3784053610915077E-8
4.549999999999992 -1.0075507510407975E-9 9.003643184819017E-9
4.599999999999992 -6.42066662352746E-10 5.834546710498096E-9
4.6499999999999915 -4.06089532880029E-10 3.751264225450473E-9
4.699999999999991 -2.549186234616639E-10 2.3930767201640395E-9
4.749999999999991 -1.5882669746074532E-10 1.5148300802621484E-9
4.799999999999991 -9.821690515423225E-11 9.515092579339847E-10
4.849999999999991 -6.02813448932523E-11 5.930771859553268E-10
4.899999999999991 -3.671986716008976E-11 3.668257315575162E-10
4.94999999999999 -2.2198437723722556E-11 2.251406875303023E-10
4.99999999999999 -1.3317486497274322E-11 1.3711434969716677E-10
5.04999999999999 -7.928102957458144E-12 8.285701029696983E-11
5.09999999999999 -4.6830046562498184E-12 4.9678554530436924E-11
5.14999999999999 -2.7443590205277087E-12 2.95508884288674E-11
5.1999999999999895 -1.5953701909170476E-12 1.7437912150928147E-11
5.249999999999989 -9.198529091458301E-13 1.0206859802459836E-11
5.299999999999989 -5.25933590033714E-13 5.925221057402165E-12
5.349999999999989 -2.981281375487132E-13 3.4108354655523743E-12
5.399999999999989 -1.6750202568195637E-13 1.946595934107813E-12
5.449999999999989 -9.324922712665283E-14 1.1011538580052613E-12
5.4999999999999885 -5.141783231232534E-14 6.172420546755763E-13
5.549999999999988 -2.806894044716551E-14 3.427297408788975E-13
5.599999999999988 -1.5161350406550993E-14 1.8843416044957006E-13
5.649999999999988 -8.097433804655014E-15 1.0253285707915018E-13
5.699999999999988 -4.272439856746008E-15 5.518185190714687E-14
5.749999999999988 -2.2245436152057438E-15 2.935136231868715E-14
5.799999999999987 -1.14133956227877E-15 1.5414902108549758E-14
5.849999999999987 -5.759201865044766E-16 7.983547613067962E-15
5.899999999999987 -2.8506076405595063E-16 4.07086923861771E-15
5.949999999999987 -1.3788281825219354E-16 2.0392097181726612E-15
5.999999999999987 -6.481106271964205E-17 1.0004464460060603E-15
6.0499999999999865 -2.934231859463905E-17 4.785856352995215E-16
6.099999999999986 -1.2599732256189097E-17 2.2172699318237134E-16
6.149999999999986 -4.978156803676987E-18 9.838773410427749E-17
6.199999999999986 -1.6798316253482155E-18 4.0977161870130166E-17
6.249999999999986 -3.5994647728459364E-19 1.534191068495235E-17
6.299999999999986 9.739137242918092E-20 4.564362812523941E-18
6.349999999999985 2.0545161129107531E-19 4.611340449221043E-19
6.399999999999985 1.8958646818881668E-19 -8.111280161234737E-19
6.449999999999985 1.42063349289375E-19 -9.889075949181997E-19
6.499999999999985 9.632497495229917E-20 -8.149348646533318E-19
