1.5 0.10513519809241458 -0.3079499480737602
1.55 0.09047187417345151 -0.2785810559936819
1.6 0.07727177793709748 -0.24952695089897056
1.6500000000000001 0.06550427339064942 -0.2213631574210506
1.7000000000000002 0.05511297434503242 -0.19454480179523223
1.7500000000000002 0.04602163515236318 -0.16941240200615826
1.8000000000000003 0.03813966645811068 -0.1462009182672669
1.8500000000000003 0.03136713659030858 -0.1250511234975743
1.9000000000000004 0.025599165061733858 -0.10602240710540221
1.9500000000000004 0.02072965687154631 -0.08910621551779656
2.0000000000000004 0.016654363312194345 -0.07423944844500707
2.0500000000000003 0.013273285838241505 -0.06131725937370477
2.1 0.010492463787669985 -0.05020484234990324
2.15 0.008225204373461303 -0.040747916597080186
2.1999999999999997 0.006392824765520424 -0.03278173912094583
2.2499999999999996 0.00492498191805464 -0.026138578909911527
2.2999999999999994 0.003759666904197029 -0.0206536717321619
2.349999999999999 0.002842937829965643 -0.01616974092436777
2.399999999999999 0.002128459862556915 -0.012540217234784967
2.449999999999999 0.0015769134280830992 -0.009631321129402546
2.4999999999999987 0.0011553230260025575 -0.007323186139690084
2.5499999999999985 8.363500670706993E-4 -0.00551020442093983
2.5999999999999983 5.975842294032867E-4 -0.0041007684367948185
2.649999999999998 4.2085946626000943E-4 -0.0030165683224231926
2.699999999999998 2.91613281467207E-4 -0.002191585505496754
2.749999999999998 1.983013886364937E-4 -0.001570901753173055
2.7999999999999976 1.3187446370269704E-4 -0.0011094207624960857
2.8499999999999974 8.531938261675025E-5 -7.705781022236787E-4
2.8999999999999972 5.32640439308505E-5 -5.250957326521515E-4
2.949999999999997 3.164250591098755E-5 -3.4982010934198824E-4
2.999999999999997 1.741559254737954E-5 -2.2666833558990156E-4
3.0499999999999967 8.341205521720063E-6 -1.4169504637644842E-4
3.0999999999999965 2.7881840138590906E-6 -8.428357297232382E-5
3.1499999999999964 -4.124457465601727E-7 -4.645821554615852E-5
3.199999999999996 -2.0847070071883287E-6 -2.2309826441758645E-5
3.249999999999996 -2.7988025836283607E-6 -7.52402934293416E-6
3.299999999999996 -2.9409700755129863E-6 1.0000840841200689E-6
3.3499999999999956 -2.7662715240012775E-6 5.4533606109602035E-6
3.3999999999999955 -2.4379037341021642E-6 7.3543331593984356E-6
3.4499999999999953 -2.0560232585579374E-6 7.732693945199677E-6
3.499999999999995 -1.678538923684788E-6 7.268717281815315E-6
3.549999999999995 -1.335845877605425E-6 6.397550597310121E-6
3.5999999999999948 -1.0410626203928295E-6 5.385959256394731E-6
3.6499999999999946 -7.969855052174657E-7 4.38783274970084E-6
3.6999999999999944 -6.006896120374695E-7 3.4835891077069337E-6
3.7499999999999942 -4.464745187552519E-7 2.7075798187612717E-6
3.799999999999994 -3.276711811881837E-7 2.066710258067323E-6
3.849999999999994 -2.3768451045957718E-7 1.5527492433452898E-6
3.8999999999999937 -1.7053822296587776E-7 1.1501962546711527E-6
3.9499999999999935 -1.211076652680352E-7 8.410916576550016E-7
3.9999999999999933 -8.516690103745303E-8 6.077773096157543E-7
4.049999999999994 -5.93335546869592E-8 4.343251813920032E-7
4.099999999999993 -4.0964736193920654E-8 3.07133897006485E-7
4.149999999999993 -2.8036595852036624E-8 2.1503276888557755E-7
4.199999999999993 -1.902613126432859E-8 1.49117315927842E-7
4.249999999999993 -1.2804829262720712E-8 1.0245876718877971E-7
4.299999999999993 -8.548091655838668E-9 6.977401676795097E-8
4.3499999999999925 -5.661072253504294E-9 4.710503069824656E-8
4.399999999999992 -3.7197539207531374E-9 3.15324892658854E-8
4.449999999999992 -2.425261703858412E-9 2.093344944904654E-8
4.499999999999992 -1.5691587696650145E-9 1.3784053611494103E-8
4.549999999999992 -1.0075507510407975E-9 9.003643185005132E-9
4.599999999999992 -6.420666623527437E-10 5.834546710487756E-9
4.6499999999999915 -4.06089532880029E-10 3.751264225308301E-9
4.699999999999991 -2.549186234616648E-10 2.3930767201614545E-9
4.749999999999991 -1.5882669746074532E-10 1.5148300802918752E-9
4.799999999999991 -9.821690515423225E-11 9.515092579863297E-10
4.849999999999991 -6.028134489325228E-11 5.930771859456332E-10
4.899999999999991 -3.671986716008963E-11 3.668257315445915E-10
4.94999999999999 -2.2198437723722636E-11 2.2514068752658646E-10
4.99999999999999 -1.331748649727437E-11 1.3711434969482417E-10
5.04999999999999 -7.928102957458145E-12 8.285701029842385E-11
5.09999999999999 -4.683004656249801E-12 4.967855453128511E-11
5.14999999999999 -2.744359020527699E-12 2.9550888428887596E-11
5.1999999999999895 -1.5953701909170476E-12 1.7437912150352594E-11
5.249999999999989 -9.198529091458368E-13 1.0206859802459836E-11
5.299999999999989 -5.259335900337159E-13 5.925221057487993E-12
5.349999999999989 -2.981281375487132E-13 3.4108354656609215E-12
5.399999999999989 -1.675020256819558E-13 1.9465959341065508E-12
5.449999999999989 -9.324922712665249E-14 1.101153857989484E-12
5.4999999999999885 -5.141783231232533E-14 6.172420546749452E-13
5.549999999999988 -2.806894044716561E-14 3.427297408738488E-13
5.599999999999988 -1.5161350406551047E-14 1.8843416044957006E-13
5.649999999999988 0.0 0.0
5.699999999999988 0.0 0.0
5.749999999999988 0.0 0.0
5.799999999999987 0.0 0.0
5.849999999999987 0.0 0.0
5.899999999999987 0.0 0.0
5.949999999999987 0.0 0.0
5.999999999999987 0.0 0.0
6.0499999999999865 0.0 0.0
6.099999999999986 0.0 0.0
6.149999999999986 0.0 0.0
6.199999999999986 0.0 0.0
6.249999999999986 0.0 0.0
6.299999999999986 0.0 0.0
6.349999999999985 0.0 0.0
6.399999999999985 0.0 0.0
6.449999999999985 0.0 0.0
6.499999999999985 0.0 0.0
