1.5 0.9974949866 0.022887776002233903
1.55 0.9997837642 0.02078616400114086
1.6 0.999573603 -0.029187357003523925
1.6500000000000001 0.9968650285 -0.0790879249978893
1.7000000000000002 0.9916648105 -0.1287908160008122
1.7500000000000002 0.9839859469 -0.17817179600032593
1.8000000000000003 0.9738476308999999 -0.22710744000398184
1.8500000000000003 0.9612752028999999 -0.27547543200445723
1.9000000000000004 0.9463000876999998 -0.3231548790061378
1.9500000000000004 0.9289597149999997 -0.3700266090034265
2.0000000000000004 0.9092974267999998 -0.4159734640019063
2.0500000000000003 0.8873623685999997 -0.4608806020045541
2.1 0.8632093666 -0.504635778003637
2.15 0.8368987908 -0.5471296280035176
2.1999999999999997 0.8084964038000002 -0.5882559389991382
2.2499999999999996 0.7780731969000002 -0.6279119160013114
2.2999999999999994 0.7457052122000003 -0.6659984410017916
2.349999999999999 0.7114733528000006 -0.7024203160010954
2.399999999999999 0.6754631806000007 -0.7370865070022158
2.449999999999999 0.637764702100001 -0.7699103650005145
2.4999999999999987 0.598472144100001 -0.8008098470069224
2.5499999999999985 0.5576837174000011 -0.8297077230046134
2.5999999999999983 0.5155013718000014 -0.856531761000978
2.649999999999998 0.47203054130000155 -0.8812149160042358
2.699999999999998 0.427379880200002 -0.9036954920021988
2.749999999999998 0.38166099210000204 -0.923917300002519
2.7999999999999976 0.33498815020000206 -0.9418297980040568
2.8499999999999974 0.28747801230000253 -0.9573882100044616
2.8999999999999972 0.23924932920000258 -0.9705536490045573
2.949999999999997 0.19042264740000303 -0.9812932110053739
2.999999999999997 0.14112000810000305 -0.989580052006278
3.0499999999999967 0.09146464220000308 -0.9953934570053334
3.0999999999999965 0.04158066240000355 -0.998718896006237
3.1499999999999964 -0.008407247399996445 -0.9995480580068418
3.199999999999996 -0.058374143399996005 -0.9978788710073709
3.249999999999996 -0.10819513449999602 -0.9937155070076363
3.299999999999996 -0.15774569409999603 -0.9870683720075711
3.3499999999999956 -0.20690197169999563 -0.9779540790080808
3.3999999999999955 -0.2555411019999957 -0.966395410009757
3.4499999999999953 -0.3035415126999953 -0.95242125700834
3.499999999999995 -0.35078322769999537 -0.9360665460117489
3.549999999999995 -0.39714816729999547 -0.9173721560090663
3.5999999999999948 -0.4425204432999952 -0.8963848140114415
3.6499999999999946 -0.4867866486999953 -0.8731569760139778
3.6999999999999944 -0.529836140899995 -0.8477467000111981
3.7499999999999942 -0.5715613186999953 -0.82021750001382
3.799999999999994 -0.6118578908999953 -0.7906381840117048
3.849999999999994 -0.6506251370999953 -0.7590826830161655
3.8999999999999937 -0.6877661591999953 -0.7256298700131224
3.9499999999999935 -0.7231881240999953 -0.690363361016688
3.9999999999999933 -0.7568024952999955 -0.65337130301657
4.049999999999994 -0.788525254399996 -0.6147461579897318
4.099999999999993 -0.8182771110999963 -0.5745844669891031
4.149999999999993 -0.8459837010999961 -0.5329866129943905
4.199999999999993 -0.8715757723999963 -0.490056570995323
4.249999999999993 -0.8949893581999967 -0.44590164299806995
4.299999999999993 -0.916165936699997 -0.40063219399755207
4.3499999999999925 -0.9350525775999974 -0.35436137200695045
4.399999999999992 -0.9516020738999973 -0.3072048300079011
4.449999999999992 -0.9657730605999978 -0.25928043800860223
4.499999999999992 -0.9775301176999981 -0.21070797900923918
4.549999999999992 -0.9868438584999986 -0.1616088590117304
4.599999999999992 -0.9936910035999988 -0.1121058030184585
4.6499999999999915 -0.9980544387999992 -0.06232254001758974
4.699999999999991 -0.9999232575999997 -0.01238350201826499
4.749999999999991 -0.9992927890000001 0.03758648797758113
4.799999999999991 -0.9961646088000006 0.08746253997715668
4.849999999999991 -0.990546535000001 0.13711996196819065
4.899999999999991 -0.9824526126000016 0.18643465596879236
4.94999999999999 -0.9719030694000022 0.23528337896872029
4.99999999999999 -0.9589242747000025 0.28354400796737345
5.04999999999999 -0.943548668600003 0.3310959239666289
5.09999999999999 -0.9258146823000034 0.37782027096366905
5.14999999999999 -0.9057666415000043 0.423600265964108
5.1999999999999895 -0.8834546557000048 0.46832148095643505
5.249999999999989 -0.8589344934000053 0.5118721349561817
5.299999999999989 -0.8322674422000057 0.5541433749534086
5.349999999999989 -0.8035201559000061 0.5950295459578037
5.399999999999989 -0.7727644876000072 0.6344284539550049
5.449999999999989 -0.7400773105000076 0.6722416199533843
5.4999999999999885 -0.705540325600008 0.708374531954714
5.549999999999988 -0.6692398573000085 0.7427368769519215
5.599999999999988 -0.6312666379000088 0.7752427669482919
5.649999999999988 -0.5917155806000098 0.8058109529474055
5.699999999999988 -0.5506855426000102 0.8343650309494687
5.749999999999988 -0.5082790775000106 0.8608336319493314
5.799999999999987 -0.46460217940001086 0.8851505969520445
5.849999999999987 -0.41976401780001116 0.9072551459543553
5.899999999999987 -0.3738766648000122 0.9270920289516925
5.949999999999987 -0.3270548149000125 0.9446116659511671
5.999999999999987 -0.2794154982000127 0.9597702659541739
6.0499999999999865 -0.23107778830001288 0.9725299389556906
6.099999999999986 -0.18216250430001305 0.9828587939575416
6.149999999999986 -0.13279190890001405 0.9907310149590008
6.199999999999986 -0.08308940280001413 0.9961269239591729
6.249999999999986 -0.03317921650001418 0.9990330329608803
6.299999999999986 0.01681390049998579 0.9994420799628797
6.349999999999985 0.0667649914999858 0.9973530439640054
6.399999999999985 0.11654920489998497 0.992763174966632
6.449999999999985 0.16604130899998504 0.9857078319686073
6.499999999999985 0.21511998809998517 0.4907867917222641
